%!
%% Traj Version 2.0
%% Command line:
%% ./stable -r 2.3 -e .02 -p 10 2 -l 100 
%% Plot of stable manifolds
%%
%%BoundingBox:  36 126 576 666
36 126 translate
0.20 setlinewidth
%%
%% Change to complex coordinates
117.39130 117.39130 scale
currentlinewidth 117.39130 div setlinewidth
2.30000 2.30000 translate
%% Clipping box %%
newpath
 -2.30000 -2.30000 moveto -2.30000 2.30000 lineto
 2.30000 2.30000 lineto 2.30000 -2.30000 lineto
closepath clip
0.9 setgray
/l {newpath moveto lineto 0 0 0 setrgbcolor stroke 0.5} def
/o {newpath moveto lineto 1 0 0 setrgbcolor stroke} def
/d {newpath 0 0 1 setrgbcolor arc fill} def
/b {newpath .5 .5 .5 setrgbcolor arc fill} def
/p {newpath 0 1 0 setrgbcolor arc fill} def
0.89550 0.00480 .000003 0 360 b
0.89550 0.00481 .000003 0 360 b
0.89550 0.00482 .000003 0 360 b
0.89550 0.00483 .000003 0 360 b
0.89550 0.00484 .000003 0 360 b
0.89550 0.00485 .000003 0 360 b
0.89550 0.00486 .000003 0 360 b
0.89550 0.00487 .000003 0 360 b
0.89550 0.00488 .000003 0 360 b
0.89550 0.00489 .000003 0 360 b
0.89550 0.00490 .000003 0 360 b
0.89550 0.00491 .000003 0 360 b
0.89550 0.00492 .000003 0 360 b
0.89550 0.00493 .000003 0 360 b
0.89550 0.00494 .000003 0 360 b
0.89550 0.00495 .000003 0 360 b
0.89550 0.00496 .000003 0 360 b
0.89550 0.00497 .000003 0 360 b
0.89550 0.00498 .000003 0 360 b
0.89550 0.00499 .000003 0 360 b
0.89551 0.00480 .000003 0 360 b
0.89551 0.00481 .000003 0 360 b
0.89551 0.00482 .000003 0 360 b
0.89551 0.00483 .000003 0 360 b
0.89551 0.00484 .000003 0 360 b
0.89551 0.00485 .000003 0 360 b
0.89551 0.00486 .000003 0 360 b
0.89551 0.00487 .000003 0 360 b
0.89551 0.00488 .000003 0 360 b
0.89551 0.00489 .000003 0 360 b
0.89551 0.00490 .000003 0 360 b
0.89551 0.00491 .000003 0 360 b
0.89551 0.00492 .000003 0 360 b
0.89551 0.00493 .000003 0 360 b
0.89551 0.00494 .000003 0 360 b
0.89551 0.00495 .000003 0 360 b
0.89551 0.00496 .000003 0 360 b
0.89551 0.00497 .000003 0 360 b
0.89551 0.00498 .000003 0 360 b
0.89551 0.00499 .000003 0 360 b
0.89552 0.00480 .000003 0 360 b
0.89552 0.00481 .000003 0 360 b
0.89552 0.00482 .000003 0 360 b
0.89552 0.00483 .000003 0 360 b
0.89552 0.00484 .000003 0 360 b
0.89552 0.00485 .000003 0 360 b
0.89552 0.00486 .000003 0 360 b
0.89552 0.00487 .000003 0 360 b
0.89552 0.00488 .000003 0 360 b
0.89552 0.00489 .000003 0 360 b
0.89552 0.00490 .000003 0 360 b
0.89552 0.00491 .000003 0 360 b
0.89552 0.00492 .000003 0 360 b
0.89552 0.00493 .000003 0 360 b
0.89552 0.00494 .000003 0 360 b
0.89552 0.00495 .000003 0 360 b
0.89552 0.00496 .000003 0 360 b
0.89552 0.00497 .000003 0 360 b
0.89552 0.00498 .000003 0 360 b
0.89552 0.00499 .000003 0 360 b
0.89553 0.00480 .000003 0 360 b
0.89553 0.00481 .000003 0 360 b
0.89553 0.00482 .000003 0 360 b
0.89553 0.00483 .000003 0 360 b
0.89553 0.00484 .000003 0 360 b
0.89553 0.00485 .000003 0 360 b
0.89553 0.00486 .000003 0 360 b
0.89553 0.00487 .000003 0 360 b
0.89553 0.00488 .000003 0 360 b
0.89553 0.00489 .000003 0 360 b
0.89553 0.00490 .000003 0 360 b
0.89553 0.00491 .000003 0 360 b
0.89553 0.00492 .000003 0 360 b
0.89553 0.00493 .000003 0 360 b
0.89553 0.00494 .000003 0 360 b
0.89553 0.00495 .000003 0 360 b
0.89553 0.00496 .000003 0 360 b
0.89553 0.00497 .000003 0 360 b
0.89553 0.00498 .000003 0 360 b
0.89553 0.00499 .000003 0 360 b
0.89554 0.00480 .000003 0 360 b
0.89554 0.00481 .000003 0 360 b
0.89554 0.00482 .000003 0 360 b
0.89554 0.00483 .000003 0 360 b
0.89554 0.00484 .000003 0 360 b
0.89554 0.00485 .000003 0 360 b
0.89554 0.00486 .000003 0 360 b
0.89554 0.00487 .000003 0 360 b
0.89554 0.00488 .000003 0 360 b
0.89554 0.00489 .000003 0 360 b
0.89554 0.00490 .000003 0 360 b
0.89554 0.00491 .000003 0 360 b
0.89554 0.00492 .000003 0 360 b
0.89554 0.00493 .000003 0 360 b
0.89554 0.00494 .000003 0 360 b
0.89554 0.00495 .000003 0 360 b
0.89554 0.00496 .000003 0 360 b
0.89554 0.00497 .000003 0 360 b
0.89554 0.00498 .000003 0 360 b
0.89554 0.00499 .000003 0 360 b
0.89555 0.00480 .000003 0 360 b
0.89555 0.00481 .000003 0 360 b
0.89555 0.00482 .000003 0 360 b
0.89555 0.00483 .000003 0 360 b
0.89555 0.00484 .000003 0 360 b
0.89555 0.00485 .000003 0 360 b
0.89555 0.00486 .000003 0 360 b
0.89555 0.00487 .000003 0 360 b
0.89555 0.00488 .000003 0 360 b
0.89555 0.00489 .000003 0 360 b
0.89555 0.00490 .000003 0 360 b
0.89555 0.00491 .000003 0 360 b
0.89555 0.00492 .000003 0 360 b
0.89555 0.00493 .000003 0 360 b
0.89555 0.00494 .000003 0 360 b
0.89555 0.00495 .000003 0 360 b
0.89555 0.00496 .000003 0 360 b
0.89555 0.00497 .000003 0 360 b
0.89555 0.00498 .000003 0 360 b
0.89555 0.00499 .000003 0 360 b
0.89556 0.00480 .000003 0 360 b
0.89556 0.00481 .000003 0 360 b
0.89556 0.00482 .000003 0 360 b
0.89556 0.00483 .000003 0 360 b
0.89556 0.00484 .000003 0 360 b
0.89556 0.00485 .000003 0 360 b
0.89556 0.00486 .000003 0 360 b
0.89556 0.00487 .000003 0 360 b
0.89556 0.00488 .000003 0 360 b
0.89556 0.00489 .000003 0 360 b
0.89556 0.00490 .000003 0 360 b
0.89556 0.00491 .000003 0 360 b
0.89556 0.00492 .000003 0 360 b
0.89556 0.00493 .000003 0 360 b
0.89556 0.00494 .000003 0 360 b
0.89556 0.00495 .000003 0 360 b
0.89556 0.00496 .000003 0 360 b
0.89556 0.00497 .000003 0 360 b
0.89556 0.00498 .000003 0 360 b
0.89556 0.00499 .000003 0 360 b
0.89557 0.00480 .000003 0 360 b
0.89557 0.00481 .000003 0 360 b
0.89557 0.00482 .000003 0 360 b
0.89557 0.00483 .000003 0 360 b
0.89557 0.00484 .000003 0 360 b
0.89557 0.00485 .000003 0 360 b
0.89557 0.00486 .000003 0 360 b
0.89557 0.00487 .000003 0 360 b
0.89557 0.00488 .000003 0 360 b
0.89557 0.00489 .000003 0 360 b
0.89557 0.00490 .000003 0 360 b
0.89557 0.00491 .000003 0 360 b
0.89557 0.00492 .000003 0 360 b
0.89557 0.00493 .000003 0 360 b
0.89557 0.00494 .000003 0 360 b
0.89557 0.00495 .000003 0 360 b
0.89557 0.00496 .000003 0 360 b
0.89557 0.00497 .000003 0 360 b
0.89557 0.00498 .000003 0 360 b
0.89557 0.00499 .000003 0 360 b
0.89558 0.00480 .000003 0 360 b
0.89558 0.00481 .000003 0 360 b
0.89558 0.00482 .000003 0 360 b
0.89558 0.00483 .000003 0 360 b
0.89558 0.00484 .000003 0 360 b
0.89558 0.00485 .000003 0 360 b
0.89558 0.00486 .000003 0 360 b
0.89558 0.00487 .000003 0 360 b
0.89558 0.00488 .000003 0 360 b
0.89558 0.00489 .000003 0 360 b
0.89558 0.00490 .000003 0 360 b
0.89558 0.00491 .000003 0 360 b
0.89558 0.00492 .000003 0 360 b
0.89558 0.00493 .000003 0 360 b
0.89558 0.00494 .000003 0 360 b
0.89558 0.00495 .000003 0 360 b
0.89558 0.00496 .000003 0 360 b
0.89558 0.00497 .000003 0 360 b
0.89558 0.00498 .000003 0 360 b
0.89558 0.00499 .000003 0 360 b
0.89559 0.00480 .000003 0 360 b
0.89559 0.00481 .000003 0 360 b
0.89559 0.00482 .000003 0 360 b
0.89559 0.00483 .000003 0 360 b
0.89559 0.00484 .000003 0 360 b
0.89559 0.00485 .000003 0 360 b
0.89559 0.00486 .000003 0 360 b
0.89559 0.00487 .000003 0 360 b
0.89559 0.00488 .000003 0 360 b
0.89559 0.00489 .000003 0 360 b
0.89559 0.00490 .000003 0 360 b
0.89559 0.00491 .000003 0 360 b
0.89559 0.00492 .000003 0 360 b
0.89559 0.00493 .000003 0 360 b
0.89559 0.00494 .000003 0 360 b
0.89559 0.00495 .000003 0 360 b
0.89559 0.00496 .000003 0 360 b
0.89559 0.00497 .000003 0 360 b
0.89559 0.00498 .000003 0 360 b
0.89559 0.00499 .000003 0 360 b
0.89560 0.00480 .000003 0 360 b
0.89560 0.00481 .000003 0 360 b
0.89560 0.00482 .000003 0 360 b
0.89560 0.00483 .000003 0 360 b
0.89560 0.00484 .000003 0 360 b
0.89560 0.00485 .000003 0 360 b
0.89560 0.00486 .000003 0 360 b
0.89560 0.00487 .000003 0 360 b
0.89560 0.00488 .000003 0 360 b
0.89560 0.00489 .000003 0 360 b
0.89560 0.00490 .000003 0 360 b
0.89560 0.00491 .000003 0 360 b
0.89560 0.00492 .000003 0 360 b
0.89560 0.00493 .000003 0 360 b
0.89560 0.00494 .000003 0 360 b
0.89560 0.00495 .000003 0 360 b
0.89560 0.00496 .000003 0 360 b
0.89560 0.00497 .000003 0 360 b
0.89560 0.00498 .000003 0 360 b
0.89560 0.00499 .000003 0 360 b
0.89561 0.00480 .000003 0 360 b
0.89561 0.00481 .000003 0 360 b
0.89561 0.00482 .000003 0 360 b
0.89561 0.00483 .000003 0 360 b
0.89561 0.00484 .000003 0 360 b
0.89561 0.00485 .000003 0 360 b
0.89561 0.00486 .000003 0 360 b
0.89561 0.00487 .000003 0 360 b
0.89561 0.00488 .000003 0 360 b
0.89561 0.00489 .000003 0 360 b
0.89561 0.00490 .000003 0 360 b
0.89561 0.00491 .000003 0 360 b
0.89561 0.00492 .000003 0 360 b
0.89561 0.00493 .000003 0 360 b
0.89561 0.00494 .000003 0 360 b
0.89561 0.00495 .000003 0 360 b
0.89561 0.00496 .000003 0 360 b
0.89561 0.00497 .000003 0 360 b
0.89561 0.00498 .000003 0 360 b
0.89561 0.00499 .000003 0 360 b
0.89562 0.00480 .000003 0 360 b
0.89562 0.00481 .000003 0 360 b
0.89562 0.00482 .000003 0 360 b
0.89562 0.00483 .000003 0 360 b
0.89562 0.00484 .000003 0 360 b
0.89562 0.00485 .000003 0 360 b
0.89562 0.00486 .000003 0 360 b
0.89562 0.00487 .000003 0 360 b
0.89562 0.00488 .000003 0 360 b
0.89562 0.00489 .000003 0 360 b
0.89562 0.00490 .000003 0 360 b
0.89562 0.00491 .000003 0 360 b
0.89562 0.00492 .000003 0 360 b
0.89562 0.00493 .000003 0 360 b
0.89562 0.00494 .000003 0 360 b
0.89562 0.00495 .000003 0 360 b
0.89562 0.00496 .000003 0 360 b
0.89562 0.00497 .000003 0 360 b
0.89562 0.00498 .000003 0 360 b
0.89562 0.00499 .000003 0 360 b
0.89563 0.00480 .000003 0 360 b
0.89563 0.00481 .000003 0 360 b
0.89563 0.00482 .000003 0 360 b
0.89563 0.00483 .000003 0 360 b
0.89563 0.00484 .000003 0 360 b
0.89563 0.00485 .000003 0 360 b
0.89563 0.00486 .000003 0 360 b
0.89563 0.00487 .000003 0 360 b
0.89563 0.00488 .000003 0 360 b
0.89563 0.00489 .000003 0 360 b
0.89563 0.00490 .000003 0 360 b
0.89563 0.00491 .000003 0 360 b
0.89563 0.00492 .000003 0 360 b
0.89563 0.00493 .000003 0 360 b
0.89563 0.00494 .000003 0 360 b
0.89563 0.00495 .000003 0 360 b
0.89563 0.00496 .000003 0 360 b
0.89563 0.00497 .000003 0 360 b
0.89563 0.00498 .000003 0 360 b
0.89563 0.00499 .000003 0 360 b
0.89564 0.00480 .000003 0 360 b
0.89564 0.00481 .000003 0 360 b
0.89564 0.00482 .000003 0 360 b
0.89564 0.00483 .000003 0 360 b
0.89564 0.00484 .000003 0 360 b
0.89564 0.00485 .000003 0 360 b
0.89564 0.00486 .000003 0 360 b
0.89564 0.00487 .000003 0 360 b
0.89564 0.00488 .000003 0 360 b
0.89564 0.00489 .000003 0 360 b
0.89564 0.00490 .000003 0 360 b
0.89564 0.00491 .000003 0 360 b
0.89564 0.00492 .000003 0 360 b
0.89564 0.00493 .000003 0 360 b
0.89564 0.00494 .000003 0 360 b
0.89564 0.00495 .000003 0 360 b
0.89564 0.00496 .000003 0 360 b
0.89564 0.00497 .000003 0 360 b
0.89564 0.00498 .000003 0 360 b
0.89564 0.00499 .000003 0 360 b
0.89565 0.00480 .000003 0 360 b
0.89565 0.00481 .000003 0 360 b
0.89565 0.00482 .000003 0 360 b
0.89565 0.00483 .000003 0 360 b
0.89565 0.00484 .000003 0 360 b
0.89565 0.00485 .000003 0 360 b
0.89565 0.00486 .000003 0 360 b
0.89565 0.00487 .000003 0 360 b
0.89565 0.00488 .000003 0 360 b
0.89565 0.00489 .000003 0 360 b
0.89565 0.00490 .000003 0 360 b
0.89565 0.00491 .000003 0 360 b
0.89565 0.00492 .000003 0 360 b
0.89565 0.00493 .000003 0 360 b
0.89565 0.00494 .000003 0 360 b
0.89565 0.00495 .000003 0 360 b
0.89565 0.00496 .000003 0 360 b
0.89565 0.00497 .000003 0 360 b
0.89565 0.00498 .000003 0 360 b
0.89565 0.00499 .000003 0 360 b
0.89566 0.00480 .000003 0 360 b
0.89566 0.00481 .000003 0 360 b
0.89566 0.00482 .000003 0 360 b
0.89566 0.00483 .000003 0 360 b
0.89566 0.00484 .000003 0 360 b
0.89566 0.00485 .000003 0 360 b
0.89566 0.00486 .000003 0 360 b
0.89566 0.00487 .000003 0 360 b
0.89566 0.00488 .000003 0 360 b
0.89566 0.00489 .000003 0 360 b
0.89566 0.00490 .000003 0 360 b
0.89566 0.00491 .000003 0 360 b
0.89566 0.00492 .000003 0 360 b
0.89566 0.00493 .000003 0 360 b
0.89566 0.00494 .000003 0 360 b
0.89566 0.00495 .000003 0 360 b
0.89566 0.00496 .000003 0 360 b
0.89566 0.00497 .000003 0 360 b
0.89566 0.00498 .000003 0 360 b
0.89566 0.00499 .000003 0 360 b
0.89567 0.00480 .000003 0 360 b
0.89567 0.00481 .000003 0 360 b
0.89567 0.00482 .000003 0 360 b
0.89567 0.00483 .000003 0 360 b
0.89567 0.00484 .000003 0 360 b
0.89567 0.00485 .000003 0 360 b
0.89567 0.00486 .000003 0 360 b
0.89567 0.00487 .000003 0 360 b
0.89567 0.00488 .000003 0 360 b
0.89567 0.00489 .000003 0 360 b
0.89567 0.00490 .000003 0 360 b
0.89567 0.00491 .000003 0 360 b
0.89567 0.00492 .000003 0 360 b
0.89567 0.00493 .000003 0 360 b
0.89567 0.00494 .000003 0 360 b
0.89567 0.00495 .000003 0 360 b
0.89567 0.00496 .000003 0 360 b
0.89567 0.00497 .000003 0 360 b
0.89567 0.00498 .000003 0 360 b
0.89567 0.00499 .000003 0 360 b
0.89568 0.00480 .000003 0 360 b
0.89568 0.00481 .000003 0 360 b
0.89568 0.00482 .000003 0 360 b
0.89568 0.00483 .000003 0 360 b
0.89568 0.00484 .000003 0 360 b
0.89568 0.00485 .000003 0 360 b
0.89568 0.00486 .000003 0 360 b
0.89568 0.00487 .000003 0 360 b
0.89568 0.00488 .000003 0 360 b
0.89568 0.00489 .000003 0 360 b
0.89568 0.00490 .000003 0 360 b
0.89568 0.00491 .000003 0 360 b
0.89568 0.00492 .000003 0 360 b
0.89568 0.00493 .000003 0 360 b
0.89568 0.00494 .000003 0 360 b
0.89568 0.00495 .000003 0 360 b
0.89568 0.00496 .000003 0 360 b
0.89568 0.00497 .000003 0 360 b
0.89568 0.00498 .000003 0 360 b
0.89568 0.00499 .000003 0 360 b
0.89569 0.00480 .000003 0 360 b
0.89569 0.00481 .000003 0 360 b
0.89569 0.00482 .000003 0 360 b
0.89569 0.00483 .000003 0 360 b
0.89569 0.00484 .000003 0 360 b
0.89569 0.00485 .000003 0 360 b
0.89569 0.00486 .000003 0 360 b
0.89569 0.00487 .000003 0 360 b
0.89569 0.00488 .000003 0 360 b
0.89569 0.00489 .000003 0 360 b
0.89569 0.00490 .000003 0 360 b
0.89569 0.00491 .000003 0 360 b
0.89569 0.00492 .000003 0 360 b
0.89569 0.00493 .000003 0 360 b
0.89569 0.00494 .000003 0 360 b
0.89569 0.00495 .000003 0 360 b
0.89569 0.00496 .000003 0 360 b
0.89569 0.00497 .000003 0 360 b
0.89569 0.00498 .000003 0 360 b
0.89569 0.00499 .000003 0 360 b
0.89570 0.00492 .000005 0 360 d
0.89569 0.00492 .000005 0 360 d
0.89568 0.00492 .000005 0 360 d
0.89566 0.00493 .000005 0 360 d
0.89565 0.00493 .000005 0 360 d
0.89564 0.00494 .000005 0 360 d
0.89563 0.00494 .000005 0 360 d
0.89562 0.00495 .000005 0 360 d
0.89561 0.00495 .000005 0 360 d
0.89560 0.00496 .000005 0 360 d
0.89559 0.00496 .000005 0 360 d
0.89559 0.00497 .000005 0 360 d
0.89558 0.00498 .000005 0 360 d
0.89557 0.00498 .000005 0 360 d
0.89557 0.00499 .000005 0 360 d
0.89556 0.00500 .000005 0 360 d
0.89556 0.00501 .000005 0 360 d
0.89556 0.00501 .000005 0 360 d
0.89555 0.00502 .000005 0 360 d
0.89555 0.00503 .000005 0 360 d
showpage
